#cores,		N,		px,		py,		iter,		T_p,		GFLOPs,		Linf,		L2
24,		1800,		2,		12,		2000,		3.873,		46.84,		9.96750e-01,		6.48606e-01
24,		1800,		3,		8,		2000,		3.412,		53.18,		9.96750e-01,		6.48606e-01
24,		1800,		4,		6,		2000,		3.152,		57.56,		9.96750e-01,		6.48606e-01
24,		1800,		6,		4,		2000,		2.953,		61.44,		9.96750e-01,		6.48606e-01
24,		1800,		8,		3,		2000,		2.834,		64.02,		9.96750e-01,		6.48606e-01
24,		1800,		12,		2,		2000,		2.753,		65.89,		9.96750e-01,		6.48606e-01
36,		1800,		2,		18,		2000,		1.931,		93.98,		9.96750e-01,		6.48606e-01
36,		1800,		3,		12,		2000,		1.8,		100.8,		9.96750e-01,		6.48606e-01
36,		1800,		4,		9,		2000,		1.693,		107.2,		9.96750e-01,		6.48606e-01
36,		1800,		6,		6,		2000,		1.623,		111.8,		9.96750e-01,		6.48606e-01
36,		1800,		9,		4,		2000,		1.586,		114.4,		9.96750e-01,		6.48606e-01
36,		1800,		12,		3,		2000,		1.599,		113.5,		9.96750e-01,		6.48606e-01
36,		1800,		18,		2,		2000,		1.594,		113.8,		9.96750e-01,		6.48606e-01
48,		1800,		2,		24,		2000,		1.423,		127.5,		9.96750e-01,		6.48606e-01
48,		1800,		4,		12,		2000,		1.433,		126.6,		9.96750e-01,		6.48606e-01
48,		1800,		6,		8,		2000,		1.302,		139.4,		9.96750e-01,		6.48606e-01
48,		1800,		8,		6,		2000,		1.359,		133.5,		9.96750e-01,		6.48606e-01
48,		1800,		12,		4,		2000,		1.242,		146.1,		9.96750e-01,		6.48606e-01
48,		1800,		24,		2,		2000,		1.224,		148.2,		9.96750e-01,		6.48608e-01
60,		1800,		2,		30,		2000,		1.005,		180.5,		9.96750e-01,		6.48606e-01
60,		1800,		3,		20,		2000,		1.014,		179,		9.96750e-01,		6.48606e-01
60,		1800,		4,		15,		2000,		1.025,		177,		9.96750e-01,		6.48606e-01
60,		1800,		5,		12,		2000,		1.008,		180,		9.96750e-01,		6.48606e-01
60,		1800,		6,		10,		2000,		0.9957,		182.2,		9.96750e-01,		6.48606e-01
60,		1800,		10,		6,		2000,		0.9567,		189.6,		9.96750e-01,		6.48606e-01
60,		1800,		12,		5,		2000,		0.9641,		188.2,		9.96750e-01,		6.48606e-01
60,		1800,		15,		4,		2000,		0.9707,		186.9,		9.96750e-01,		6.48606e-01
60,		1800,		20,		3,		2000,		0.969,		187.3,		9.96750e-01,		6.48606e-01
60,		1800,		30,		2,		2000,		0.955,		190,		9.96750e-01,		6.48688e-01
72,		1800,		2,		36,		2000,		0.8545,		212.3,		9.96750e-01,		6.48606e-01
72,		1800,		4,		18,		2000,		0.854,		212.4,		9.96750e-01,		6.48606e-01
72,		1800,		6,		12,		2000,		0.8573,		211.6,		9.96750e-01,		6.48606e-01
72,		1800,		12,		6,		2000,		0.8247,		220,		9.96750e-01,		6.48606e-01
72,		1800,		18,		4,		2000,		0.8207,		221.1,		9.96750e-01,		6.48606e-01
72,		1800,		36,		2,		2000,		0.8346,		217.4,		9.96750e-01,		6.48764e-01
84,		1800,		2,		42,		2000,		0.7366,		246.3,		9.96750e-01,		6.48606e-01
84,		1800,		4,		21,		2000,		0.7385,		245.7,		9.96750e-01,		6.48606e-01
84,		1800,		6,		14,		2000,		0.7301,		248.5,		9.96750e-01,		6.48606e-01
84,		1800,		14,		6,		2000,		0.6999,		259.2,		9.96750e-01,		6.48606e-01
84,		1800,		21,		4,		2000,		0.7047,		257.5,		9.96750e-01,		6.48606e-01
84,		1800,		42,		2,		2000,		0.7147,		253.9,		9.96750e-01,		6.48752e-01
96,		1800,		2,		48,		2000,		0.6653,		272.7,		9.96750e-01,		6.48606e-01
96,		1800,		4,		24,		2000,		0.6603,		274.8,		9.96750e-01,		6.48606e-01
96,		1800,		6,		16,		2000,		0.6378,		284.5,		9.96750e-01,		6.48606e-01
96,		1800,		8,		12,		2000,		0.6333,		286.5,		9.96750e-01,		6.48606e-01
96,		1800,		12,		8,		2000,		0.6306,		287.7,		9.96750e-01,		6.48606e-01
96,		1800,		16,		6,		2000,		0.6259,		289.9,		9.96750e-01,		6.48606e-01
96,		1800,		24,		4,		2000,		1.165,		155.7,		9.96750e-01,		6.48606e-01
96,		1800,		48,		2,		2000,		1.265,		143.4,		9.96750e-01,		6.48787e-01
96,		8000,		16,		6,		2000,		14.04,		255.4,		9.99936e-01,		6.74579e-01
96,		8000,		24,		4,		2000,		13.97,		256.5,		9.99936e-01,		6.74579e-01
96,		8000,		48,		2,		2000,		13.81,		259.5,		9.99936e-01,		6.74579e-01
192,		8000,		32,		6,		2000,		7.409,		483.7,		9.99936e-01,		6.74579e-01
192,		8000,		24,		8,		2000,		7.543,		475.2,		9.99936e-01,		6.74579e-01
192,		8000,		16,		12,		2000,		7.646,		468.8,		9.99936e-01,		6.74579e-01
240,		8000,		30,		8,		2000,		6.136,		584.1,		9.99936e-01,		6.74579e-01
240,		8000,		40,		6,		2000,		9.244,		387.7,		9.99936e-01,		6.74579e-01
240,		8000,		48,		5,		2000,		8.93,		401.3,		9.99936e-01,		6.74579e-01
384,		8000,		16,		24,		2000,		4.568,		784.5,		9.99936e-01,		6.74579e-01
384,		8000,		24,		16,		2000,		4.416,		811.6,		9.99936e-01,		6.74579e-01
384,		8000,		32,		12,		2000,		4.191,		855.2,		9.99936e-01,		6.74579e-01
480,		8000,		120,		4,		2000,		4.594,		780.1,		9.99936e-01,		6.74579e-01
480,		8000,		96,		5,		2000,		3.293,		1088,		9.99936e-01,		6.74579e-01
480,		8000,		80,		6,		2000,		3.434,		1044,		9.99936e-01,		6.74579e-01
480,		8000,		60,		8,		2000,		4.416,		811.5,		9.99936e-01,		6.74579e-01
480,		8000,		48,		10,		2000,		4.461,		803.5,		9.99936e-01,		6.74579e-01
